 Au Density=19.32
 Energy(eV), Delta, Beta
  200.  0.0112813823  0.00951793324
  200.925018  0.0111386664  0.00957826339
  201.854294  0.0110026766  0.0096316142
  202.787903  0.0108682793  0.00968520064
  203.725784  0.010735427  0.00973908976
  204.668045  0.0106070926  0.00979326945
  205.614639  0.0104830079  0.00984775182
  206.565613  0.0103603071  0.00990253594
  207.521011  0.0102393758  0.00995763857
  208.480804  0.0101300301  0.0100130849
  209.445053  0.01002183  0.0100688376
  210.413742  0.00991476327  0.0101249032
  211.386917  0.0098240627  0.0101801539
  212.364578  0.00974599458  0.0102348262
  213.346786  0.0096685281  0.0102897901
  214.333527  0.00959177874  0.0103420662
  215.324829  0.00951687805  0.0103617031
  216.320724  0.00944254361  0.0103813782
  217.321228  0.00936877262  0.0104011018
  218.326355  0.00929145981  0.0104208514
  219.336121  0.00921214372  0.0104406346
  220.350571  0.00913350005  0.0104604568
  221.36969  0.00905571505  0.0104803108
  222.393539  0.00897984207  0.0105001573
  223.422119  0.00890459865  0.0105200447
  224.455475  0.00882997829  0.0105399666
  225.493591  0.0087588951  0.0105599677
  226.536514  0.00868991297  0.0105800238
  227.584259  0.00862146076  0.010600131
  228.636856  0.00855516177  0.0106202587
  229.694321  0.00849694759  0.010640406
  230.756668  0.00843908265  0.0106605925
  231.823914  0.00838156603  0.0106808161
  232.896133  0.00833084155  0.0106919017
  233.973282  0.00828310661  0.0106990281
  235.05542  0.00823554583  0.010706163
  236.142563  0.00818772987  0.0107119502
  237.234741  0.00813859329  0.0107129756
  238.331955  0.00808966905  0.0107140047
  239.434265  0.00804095902  0.0107150404
  240.541672  0.00799236074  0.0107160248
  241.654175  0.00794394594  0.0107169962
  242.771866  0.00789574254  0.0107179638
  243.894699  0.00784886349  0.0107189473
  245.02272  0.00780520495  0.0107199587
  246.15596  0.00776168518  0.0107209701
  247.294449  0.00771830697  0.0107219815
  248.438187  0.00768338796  0.0107229995
  249.58725  0.00765066128  0.010724023
  250.741608  0.00761788432  0.0107250409
  251.901291  0.00758606521  0.0107216295
  253.066345  0.0075563672  0.010708496
  254.236786  0.00752657419  0.0106953774
  255.412674  0.00749668945  0.0106822699
  256.593964  0.00746519724  0.0106679974
  257.780731  0.00743335206  0.010653506
  258.972992  0.00740146032  0.0106390333
  260.170746  0.00737024238  0.0106245819
  261.374054  0.00734023657  0.0106101474
  262.582916  0.0073101637  0.0105957426
  263.797363  0.00728001632  0.0105813406
  265.017456  0.00725344196  0.0105669787
  266.243195  0.00722722244  0.0105526308
  267.474579  0.00720087346  0.0105383005
  268.71167  0.00717765046  0.0105239917
  269.954468  0.00715899514  0.0105096949
  271.203003  0.00714007951  0.0104954233
  272.457367  0.00712090312  0.0104811648
  273.717499  0.00711264694  0.0104550002
  274.983459  0.00710480567  0.0104279583
  276.25528  0.00709650805  0.0104009872
  277.532959  0.00708504952  0.0103691416
  278.816589  0.0070699146  0.0103313737
  280.10611  0.00705446303  0.0102937436
  281.401642  0.00703869574  0.0102562495
  282.703125  0.00701779872  0.0102188978
  284.010651  0.00699655572  0.0101816831
  285.324219  0.00697511202  0.0101446025
  286.64386  0.00695339823  0.0101076514
  287.969604  0.00693142647  0.0100708324
  289.301453  0.00690926472  0.0100341402
  290.639526  0.00688694231  0.00999758579
  291.983734  0.00686510047  0.00996118877
  293.334167  0.00684307795  0.00992492214
  294.690857  0.00682088034  0.00988878589
  296.053833  0.00679929694  0.00985277258
  297.423096  0.00677819271  0.00981688034
  298.798706  0.00675690221  0.00978111755
  300.180664  0.00673557865  0.00974548887
  301.569  0.00671622157  0.00971000176
  302.963776  0.00669665122  0.00967464224
  304.365021  0.00667687645  0.00963941589
  305.772736  0.00665957434  0.00960430503
  307.186951  0.00664388994  0.0095693171
  308.607697  0.00662793219  0.0095344577
  310.035034  0.00661200518  0.00949893985
  311.468964  0.00659821555  0.00945722219
  312.909546  0.00658412045  0.00941568427
  314.35675  0.00656972919  0.00937433261
  315.810669  0.00655422779  0.00933190715
  317.271332  0.00653799158  0.00928895082
  318.738708  0.00652149785  0.00924619194
  320.212921  0.00650466839  0.00920362398
  321.693909  0.00648714369  0.00916125439
  323.181763  0.00646939129  0.00911907479
  324.676483  0.00645141862  0.00907709356
  326.178131  0.00643394794  0.00903529953
  327.686737  0.00641658949  0.00899369735
  329.202332  0.00639900612  0.00895228703
  330.724884  0.00638153218  0.00891107135
  332.254517  0.00636511808  0.00887005683
  333.791199  0.00634846371  0.00882922858
  335.335022  0.00633157743  0.00878858566
  336.885956  0.00631614402  0.00874812994
  338.444092  0.00630109105  0.00870785769
  340.009399  0.00628578337  0.00866777357
  341.58197  0.00627107825  0.00862787105
  343.161804  0.00625868747  0.00858813897
  344.748962  0.00624599541  0.00854858849
  346.343445  0.00623300811  0.00850922242
  347.945312  0.00622593053  0.00846978836
  349.554565  0.00622028299  0.00843045767
  351.171265  0.00621421449  0.00839131139
  352.795471  0.00620748848  0.00834805518
  354.427185  0.00619977992  0.00829472672
  356.066406  0.00619169045  0.00824174006
  357.713257  0.00618322566  0.00818909146
  359.367676  0.00617167121  0.00813678466
  361.029785  0.0061591994  0.00808481406
  362.699585  0.00614643423  0.00803317223
  364.377106  0.00613279408  0.00798186287
  366.062347  0.00611773087  0.00793087762
  367.755402  0.00610242551  0.00788021553
  369.456299  0.00608688546  0.00782987755
  371.16507  0.00607092725  0.00777986366
  372.881714  0.00605471944  0.00773016922
  374.606323  0.00603829697  0.00768079469
  376.338898  0.00602178043  0.00763173448
  378.079498  0.006005242  0.00758299325
  379.828156  0.00598849822  0.00753456075
  381.584869  0.00597155653  0.00748644071
  383.349701  0.00595512427  0.00743862335
  385.122742  0.0059385635  0.00739111193
  386.903961  0.00592180202  0.00734390318
  388.69339  0.0059054452  0.00729699433
  390.491119  0.00588967232  0.0072503807
  392.29718  0.00587369036  0.00720406603
  394.111572  0.00585750584  0.00715804799
  395.934357  0.00584415859  0.00711232238
  397.765594  0.00583071029  0.0070668892
  399.605286  0.00581701659  0.00702174753
  401.453491  0.00580426166  0.00697390828
  403.310211  0.00579252653  0.00692312885
  405.175537  0.00578052457  0.00687272195
  407.0495  0.00576825021  0.00682268059
  408.932159  0.00575308129  0.00676999846
  410.823486  0.0057377019  0.00671772286
  412.723602  0.00572211854  0.00666584866
  414.632477  0.00570513494  0.00661436748
  416.550171  0.00568688987  0.00656328211
  418.476715  0.00566849904  0.00651259022
  420.412201  0.00564993965  0.00646228855
  422.356598  0.00563071016  0.0064123827
  424.310059  0.00561135728  0.00636286149
  426.272522  0.00559188379  0.00631372258
  428.24408  0.00557217747  0.00626496086
  430.224701  0.0055522765  0.00621657632
  432.214539  0.0055322689  0.00616856338
  434.213531  0.0055121691  0.00612092251
  436.221802  0.00549204834  0.00607364532
  438.239349  0.00547183212  0.00602673413
  440.266235  0.0054515237  0.00598018523
  442.302521  0.00543173356  0.00593400048
  444.348206  0.00541222235  0.00588817615
  446.40332  0.00539261242  0.00584270665
  448.467957  0.00537303742  0.00579733495
  450.542175  0.00535420049  0.00575072085
  452.625946  0.00533525692  0.00570448441
  454.71936  0.00531620998  0.00565861957
  456.822449  0.00529613905  0.0056119794
  458.935303  0.00527551444  0.00556513853
  461.057892  0.00525482278  0.00551868882
  463.190308  0.00523390668  0.00547262747
  465.332611  0.00521221943  0.00542695308
  467.484802  0.00519048749  0.00538166007
  469.646942  0.00516871409  0.00533674425
  471.819122  0.00514659984  0.00529220467
  474.001251  0.00512433238  0.00524803996
  476.193573  0.00510203792  0.00520424079
  478.395996  0.00507966755  0.0051608067
  480.608612  0.00505710067  0.00511772977
  482.831421  0.00503451983  0.0050750128
  485.064545  0.00501192687  0.00503265159
  487.308014  0.00498923566  0.00499064848
  489.561829  0.00496651046  0.00494899834
  491.826111  0.00494378293  0.00490769558
  494.100861  0.00492104702  0.00486673741
  496.386108  0.0048982962  0.00482611917
  498.681915  0.00487554912  0.00478584087
  500.988342  0.00485280668  0.00474589784
  503.30542  0.00483025657  0.00470628683
  505.63327  0.00480775582  0.00466700457
  507.971863  0.00478526205  0.00462804921
  510.321228  0.00476279622  0.00458927918
  512.681519  0.00474037882  0.00455053058
  515.052673  0.00471797073  0.00451211073
  517.434814  0.00469557429  0.00447401451
  519.828003  0.00467304187  0.00443612039
  522.232239  0.00465049967  0.00439852383
  524.647644  0.00462797703  0.00436124671
  527.074158  0.0046054665  0.00432428392
  529.511902  0.00458296156  0.00428763125
  531.960938  0.00456048176  0.00425128918
  534.421265  0.0045380285  0.00421525678
  536.893005  0.00451566326  0.00417952891
  539.37616  0.00449333247  0.00414410559
  541.870789  0.00447103055  0.00410898123
  544.377014  0.00444881711  0.00407415535
  546.894775  0.00442671729  0.00403962471
  549.424194  0.00440464821  0.00400538696
  551.965332  0.00438261032  0.00397143932
  554.518188  0.00436082575  0.00393777946
  557.082886  0.00433908636  0.00390440458
  559.659424  0.00431737816  0.00387131353
  562.247864  0.00429596193  0.00383843202
  564.848267  0.00427487958  0.00380574726
  567.460754  0.00425382331  0.00377333979
  570.085266  0.00423279218  0.0037412087
  572.721985  0.00421168655  0.00370872649
  575.37085  0.00419061072  0.00367651414
  578.031982  0.00416956656  0.00364458095
  580.705383  0.00414853403  0.00361292856
  583.391235  0.00412751548  0.00358155067
  586.089417  0.00410653371  0.00355044729
  588.800171  0.00408559246  0.0035196119
  591.523376  0.00406480115  0.0034890431
  594.259216  0.00404404663  0.00345873903
  597.00769  0.00402333122  0.00342869805
  599.76886  0.00400277041  0.00339891855
  602.542847  0.00398234185  0.00336939748
  605.329651  0.00396195101  0.00334013277
  608.129333  0.00394162117  0.00331112323
  610.941956  0.00392161543  0.00328236469
  613.767639  0.00390164414  0.00325385574
  616.606323  0.00388170942  0.00322559569
  619.458191  0.0038620648  0.00319757964
  622.323242  0.00384262274  0.00316980807
  625.201538  0.00382321212  0.00314227771
  628.093079  0.00380390929  0.003114986
  630.998047  0.00378519739  0.00308793294
  633.916504  0.00376650714  0.00306111318
  636.848328  0.00374784274  0.00303452765
  639.793823  0.00373003422  0.00300817192
  642.75293  0.00371270115  0.00298204506
  645.725708  0.00369537203  0.00295614568
  648.712219  0.00367831322  0.00293005537
  651.712585  0.00366259692  0.00290207332
  654.726746  0.00364686013  0.00287436042
  657.754883  0.00363110262  0.00284691062
  660.797058  0.00361436675  0.00281825475
  663.853333  0.00359719386  0.00278921891
  666.923645  0.00358003261  0.00276048318
  670.00824  0.00356256077  0.00273204339
  673.107056  0.00354389683  0.00270390022
  676.220215  0.00352527527  0.00267604599
  679.347778  0.00350669795  0.00264847907
  682.489746  0.00348779559  0.00262119458
  685.646362  0.00346881244  0.00259418809
  688.817505  0.00344988331  0.00256746099
  692.003357  0.00343091669  0.0025410098
  695.203857  0.00341174216  0.00251483358
  698.41925  0.00339262933  0.00248892698
  701.649475  0.00337357982  0.00246328744
  704.894653  0.00335439015  0.002437911
  708.154846  0.00333521003  0.00241279579
  711.430115  0.00331609929  0.00238793925
  714.720459  0.0032969634  0.0023633393
  718.026123  0.00327767944  0.0023389929
  721.347046  0.00325847021  0.00231489749
  724.68335  0.00323933735  0.00229105004
  728.035034  0.00322023546  0.00226767175
  731.402283  0.00320120109  0.00224458007
  734.785034  0.00318224542  0.00222172332
  738.183472  0.00316339545  0.00219910196
  741.597595  0.00314467703  0.00217671809
  745.027527  0.00312603544  0.00215456123
  748.473328  0.00310747232  0.00213263021
  751.935059  0.00308904215  0.00211092341
  755.412842  0.00307069626  0.0020894378
  758.906677  0.00305242697  0.00206817011
  762.416626  0.00303427759  0.00204711966
  765.942871  0.0030162693  0.00202628202
  769.485352  0.00299833645  0.00200565672
  773.044312  0.00298047834  0.00198524073
  776.61969  0.00296282629  0.00196503382
  780.211609  0.00294525991  0.00194503285
  783.820129  0.00292776688  0.00192523492
  787.445374  0.00291071762  0.00190563663
  791.087341  0.00289420993  0.0018862352
  794.746155  0.00287775975  0.00186703191
  798.421936  0.00286136731  0.0018480235
  802.114685  0.00284487824  0.00182791078
  805.824463  0.00282844459  0.00180796336
  809.551453  0.0028120724  0.00178823282
  813.295654  0.00279551372  0.00176871778
  817.057251  0.0027787576  0.00174941448
  820.836182  0.00276207342  0.00173032226
  824.632568  0.00274546142  0.00171143853
  828.446594  0.00272882264  0.00169276108
  832.278137  0.00271225837  0.0016742883
  836.127563  0.00269576651  0.00165601668
  839.994629  0.00267937034  0.00163794507
  843.8797  0.00266306521  0.00162007066
  847.782715  0.00264683343  0.00160239171
  851.703735  0.00263068103  0.00158490555
  855.642883  0.00261469744  0.00156760984
  859.600342  0.0025987851  0.00155050261
  863.57605  0.00258294563  0.00153358188
  867.570129  0.00256791641  0.00151679805
  871.582703  0.00255348743  0.00150016323
  875.61377  0.00253910758  0.00148371072
  879.663574  0.00252473028  0.00146723201
  883.732056  0.00250998582  0.00144904573
  887.819397  0.00249529909  0.00143108447
  891.925598  0.00248067058  0.00141334615
  896.050842  0.00246547069  0.00139582728
  900.195129  0.00244995882  0.00137852563
  904.358582  0.00243452447  0.00136143784
  908.541321  0.00241911807  0.00134456228
  912.743408  0.00240350375  0.00132789637
  916.964844  0.00238797255  0.00131143688
  921.205933  0.00237252377  0.00129518157
  925.466553  0.00235704333  0.00127912743
  929.746826  0.00234159082  0.00126327248
  934.046936  0.00232622307  0.00124761404
  938.367004  0.00231095147  0.00123214943
  942.70697  0.00229581539  0.00121687679
  947.067078  0.00228076149  0.00120179309
  951.447266  0.00226579118  0.0011868967
  955.847839  0.00225090166  0.00117179321
  960.268677  0.00223609339  0.00115672592
  964.709961  0.00222136755  0.00114185247
  969.171814  0.00220664265  0.00112710486
  973.654297  0.00219173939  0.00111233804
  978.157532  0.00217692344  0.00109776482
  982.68158  0.00216219481  0.00108338229
  987.226501  0.00214733626  0.00106918823
  991.79248  0.00213249912  0.00105518044
  996.379578  0.00211775303  0.00104135612
  1000.98792  0.00210307655  0.00102771167
  1005.61755  0.00208843313  0.00101424498
  1010.26862  0.00207388168  0.001000955
  1014.9411  0.00205942173  0.00098783907
  1019.63531  0.00204554014  0.000974896946
  1024.3512  0.00203185808  0.000962125254
  1029.08887  0.00201825472  0.000949520443
  1033.84851  0.00200473098  0.000936656375
  1038.63013  0.0019912885  0.000923104235
  1043.43384  0.00197792379  0.000909748196
  1048.25977  0.00196463708  0.000896584941
  1053.10803  0.00195060158  0.000883052358
  1057.97876  0.0019365123  0.00086962583
  1062.87195  0.00192251767  0.000856403785
  1067.78784  0.00190838077  0.0008433818
  1072.72632  0.0018939462  0.000830557256
  1077.68787  0.00187961524  0.000817927299
  1082.67224  0.00186538813  0.000805489661
  1087.67957  0.00185089628  0.000793241546
  1092.71021  0.00183646998  0.000781179464
  1097.76404  0.00182215287  0.000769300503
  1102.84131  0.00180780957  0.000757602334
  1107.94202  0.00179339049  0.00074608135
  1113.06628  0.00177908398  0.000734735862
  1118.21436  0.00176488853  0.000723562669
  1123.38611  0.00175055081  0.000712560315
  1128.58179  0.00173631182  0.00070172525
  1133.80151  0.00172218669  0.000691055029
  1139.04553  0.00170806306  0.000680545112
  1144.3136  0.00169392733  0.000670193636
  1149.60608  0.00167990685  0.000659999438
  1154.9231  0.00166600104  0.000649960304
  1160.26477  0.00165199011  0.000640071114
  1165.63098  0.00163809303  0.000630332914
  1171.02209  0.00162431155  0.000620742678
  1176.43823  0.00161053741  0.000611298252
  1181.87927  0.00159677642  0.000601997599
  1187.34558  0.00158313231  0.000592838333
  1192.83716  0.00156959554  0.000583818532
  1198.354  0.00155592244  0.000574936625
  1203.89648  0.00154236774  0.000566189643
  1209.4646  0.00152893085  0.000557575491
  1215.05847  0.00151540234  0.000549170654
  1220.67822  0.00150182785  0.00054095377
  1226.32385  0.00148837524  0.000532859936
  1231.99573  0.00147505035  0.000524923846
  1237.69385  0.00146193255  0.000517531182
  1243.41821  0.00144893164  0.000510242709
  1249.16907  0.00143604609  0.000503056857
  1254.94666  0.00142335286  0.000495972694
  1260.75073  0.00141082355  0.000488988764
  1266.58179  0.0013984039  0.000482103205
  1272.43982  0.00138610019  0.000475314155
  1278.32495  0.0013739526  0.000468620099
  1284.2373  0.00136191119  0.000462020253
  1290.177  0.00134997489  0.000455513247
  1296.14404  0.00133823964  0.000449098326
  1302.13892  0.00132665806  0.000442773744
  1308.16138  0.00131517672  0.000436538161
  1314.21167  0.0013037828  0.000430322107
  1320.29004  0.00129243103  0.000423861929
  1326.39636  0.00128117832  0.000417498959
  1332.53113  0.00127002294  0.0004112311
  1338.69409  0.0012588161  0.000405007566
  1344.88562  0.00124764198  0.000398856297
  1351.10583  0.00123656704  0.000392798276
  1357.35474  0.00122555043  0.000386832748
  1363.63257  0.00121448666  0.000380958809
  1369.93958  0.00120352255  0.000375173899
  1376.27551  0.00119265786  0.000369476998
  1382.64099  0.0011818076  0.000363866246
  1389.03564  0.00117102731  0.000358340621
  1395.46008  0.00116034492  0.000352898642
  1401.91418  0.00114969176  0.000347539666
  1408.39819  0.00113894488  0.000342262472
  1414.91199  0.00112829881  0.000337065605
  1421.45618  0.00111775158  0.000331947376
  1428.0304  0.00110730599  0.000327164453
  1434.63513  0.00109695853  0.000322520675
  1441.27051  0.00108670781  0.000317942759
  1447.9364  0.00107662019  0.000313442899
  1454.63318  0.00106677704  0.000309035793
  1461.36096  0.00105702376  0.000304690358
  1468.11987  0.00104735966  0.000300406275
  1474.90991  0.00103813061  0.000296171755
  1481.73157  0.00102905324  0.000291994656
  1488.58459  0.00102005526  0.000287876581
  1495.46948  0.00101104192  0.000283436209
  1502.38611  0.00100193731  0.000278377556
  1509.33472  0.000992914545  0.000273409154
  1516.31543  0.000983973267  0.000268529489
  1523.32849  0.000974596012  0.000263717317
  1530.37402  0.000965234824  0.000258988672
  1537.45215  0.000955963507  0.000254344573
  1544.56287  0.000946566288  0.000249855511
  1551.70654  0.000936938508  0.000245552103
  1558.88342  0.000927407469  0.000241322792
  1566.09326  0.00091797288  0.000237166314
  1573.33655  0.000908587768  0.000233516897
  1580.61328  0.000899293809  0.000229960875
  1587.92383  0.000890093681  0.000226458884
  1595.26807  0.000881061598  0.000223027295
  1602.64624  0.000872213277  0.000219668684
  1610.05859  0.000863453024  0.000216360495
  1617.50525  0.000854780141  0.000213102277
  1624.98633  0.000846270355  0.000209863516
  1632.50195  0.000837847474  0.000206672965
  1640.05237  0.000829507888  0.000203530886
  1647.6377  0.000821125868  0.000200280439
  1655.25818  0.000812698738  0.000196921697
  1662.9137  0.000804357347  0.000193619373
  1670.60486  0.000796096632  0.000190374441
  1678.33154  0.000787625904  0.000187350728
  1686.09387  0.000779243652  0.000184375051
  1693.89233  0.000770948711  0.000181446449
  1701.72656  0.000762784272  0.000178687158
  1709.59717  0.000754742126  0.000176074769
  1717.50415  0.000746783393  0.000173500521
  1725.44763  0.000738898641  0.000170951665
  1733.42798  0.000730955508  0.000168241895
  1741.44519  0.000723096018  0.000165575053
  1749.49951  0.000715319242  0.000162950455
  1757.59106  0.000707491999  0.000160543525
  1765.71997  0.000699653465  0.00015829764
  1773.88647  0.000691899273  0.000156083144
  1782.09094  0.000684254046  0.00015391779
  1790.33313  0.000676912663  0.000151938031
  1798.61353  0.000669648463  0.000149983767
  1806.93225  0.000662460458  0.000148054605
  1815.28955  0.00065525074  0.000145878352
  1823.6853  0.000648060348  0.000143574551
  1832.12  0.000640946673  0.000141307159
  1840.59375  0.000633859425  0.000139099255
  1849.10645  0.000626571535  0.000137058974
  1857.65881  0.000619363505  0.000135048409
  1866.25037  0.000612235453  0.000133067486
  1874.88196  0.000605262467  0.00013125471
  1883.55347  0.000598402868  0.000129533481
  1892.26489  0.000591618358  0.000127834835
  1901.01685  0.000584896479  0.000126100393
  1909.80908  0.000578201783  0.000124154642
  1918.64221  0.000571580662  0.000122238911
  1927.51599  0.000565032475  0.000120352721
  1936.43091  0.000558223575  0.000118378572
  1945.38708  0.000551362813  0.000116391631
  1954.38464  0.000544581213  0.000114438146
  1963.42371  0.000537797401  0.000112560614
  1972.50464  0.000530841935  0.000110847577
  1981.62769  0.000523968833  0.000109160603
  1990.79285  0.000517177221  0.00010749932
  2000.00037  0.000510325073  0.000105904102